[gd_scene load_steps=45 format=3 uid="uid://7bo1jg4ha4dw"]

[ext_resource type="Texture2D" uid="uid://f4b5kounudnn" path="res://textures/sand.png" id="1_66c2g"]
[ext_resource type="Material" uid="uid://bm4ar1a4q50vg" path="res://resources/materials/ocean_material.tres" id="3_6mrmg"]
[ext_resource type="Texture2D" uid="uid://c74ihe1fx3u30" path="res://textures/Texturelabs_Soil_124S.jpg" id="3_rw6hm"]
[ext_resource type="Texture2D" uid="uid://x7nj84hv178h" path="res://textures/grass-73y0c0.jpg" id="3_um12m"]
[ext_resource type="Texture2D" uid="uid://ob2klsiv7kbl" path="res://textures/sqrafr9ffb7idpdl257avlbgf1-92245fd9d4f1a7ef533bf428b54dec89.png" id="5_r84l6"]
[ext_resource type="Script" uid="uid://dnw1sundtvpw0" path="res://scripts/autospawn_area.gd" id="6_ic7dp"]
[ext_resource type="Resource" uid="uid://b6fkh3ijbv1h3" path="res://resources/spawn_profiles/spawn_profile_default.tres" id="7_gqja0"]
[ext_resource type="Script" uid="uid://2qieviytoojs" path="res://scripts/house_spawn_point.gd" id="7_mqw0e"]
[ext_resource type="PackedScene" uid="uid://thk0f506mm6d" path="res://scenes/features/house/playerHouse.tscn" id="8_rw6hm"]
[ext_resource type="Resource" uid="uid://d22djgxra57mn" path="res://resources/spawn_profiles/treasure_profile_default.tres" id="8_uyy6t"]
[ext_resource type="Resource" uid="uid://cwstu48thm4i6" path="res://resources/spawn_profiles/spawn_prof_basic_tools.tres" id="12_gnpat"]
[ext_resource type="Script" uid="uid://bi1qiwmf28jja" path="res://scripts/water_area.gd" id="16_l22oy"]
[ext_resource type="PackedScene" uid="uid://b4v64l3u3emau" path="res://scenes/features/player.tscn" id="player_scene"]
[ext_resource type="Script" uid="uid://b323jxfhhka6t" path="res://scripts/player_spawn_point.gd" id="player_sp_script"]
[ext_resource type="PackedScene" uid="uid://bssf45p8hu43w" path="res://scenes/features/tent/playerTent.tscn" id="tent_scene"]
[ext_resource type="Script" uid="uid://2f1qjvg30a2" path="res://scripts/tent_spawn_point.gd" id="tent_sp_script"]

[sub_resource type="ProceduralSkyMaterial" id="ProceduralSkyMaterial_r84l6"]
sky_top_color = Color(0, 0.635294, 1, 1)
sky_horizon_color = Color(0.631373, 0.941176, 1, 1)

[sub_resource type="Sky" id="Sky_muwu5"]
sky_material = SubResource("ProceduralSkyMaterial_r84l6")

[sub_resource type="Environment" id="Environment_t1vjb"]
background_mode = 2
sky = SubResource("Sky_muwu5")
ambient_light_source = 3
ambient_light_color = Color(0.101961, 0.168627, 0.301961, 1)
ambient_light_energy = 0.5
tonemap_exposure = 0.8
glow_enabled = true
glow_levels/3 = 0.0
glow_levels/4 = 1.0
glow_levels/6 = 1.0
glow_intensity = 0.2
glow_bloom = 0.2
glow_hdr_threshold = 0.8
glow_hdr_scale = 1.0
fog_enabled = true
fog_light_color = Color(0.447059, 0.647059, 0.909804, 1)
fog_density = 0.005
adjustment_enabled = true
adjustment_contrast = 1.1
adjustment_saturation = 1.3

[sub_resource type="StandardMaterial3D" id="StandardMaterial3D_i1od3"]
albedo_texture = ExtResource("1_66c2g")

[sub_resource type="StandardMaterial3D" id="StandardMaterial3D_uyy6t"]
albedo_texture = ExtResource("1_66c2g")

[sub_resource type="StandardMaterial3D" id="StandardMaterial3D_gnpat"]
albedo_texture = ExtResource("3_um12m")

[sub_resource type="StandardMaterial3D" id="StandardMaterial3D_amqpa"]
albedo_texture = ExtResource("3_um12m")

[sub_resource type="StandardMaterial3D" id="StandardMaterial3D_rw6hm"]
albedo_texture = ExtResource("3_um12m")

[sub_resource type="StandardMaterial3D" id="StandardMaterial3D_l22oy"]
albedo_texture = ExtResource("3_um12m")

[sub_resource type="StandardMaterial3D" id="StandardMaterial3D_wujm3"]
albedo_texture = ExtResource("3_rw6hm")

[sub_resource type="CylinderShape3D" id="CylinderShape3D_f462bb996f65"]
height = 1.0
radius = 15.0

[sub_resource type="CylinderShape3D" id="CylinderShape3D_cf4c6525e0d9"]
radius = 8.0

[sub_resource type="BoxShape3D" id="BoxShape3D_76b23cc97af8"]
size = Vector3(15, 1, 20)

[sub_resource type="ConvexPolygonShape3D" id="ConvexPolygonShape3D_mqw0e"]
points = PackedVector3Array(-1.691, -0.042, 0, 1.343, 1.021, 0, 2.136, 0.996, 0, 2.134, -0.096, 0, -1.691, -0.042, 3, 1.343, 1.021, 3, 2.136, 0.996, 3, 2.134, -0.096, 3)

[sub_resource type="PlaneMesh" id="PlaneMesh_5p50t"]
material = ExtResource("3_6mrmg")
size = Vector2(200, 200)
subdivide_width = 100
subdivide_depth = 100

[sub_resource type="ParticleProcessMaterial" id="ParticleProcessMaterial_5p50t"]
emission_shape = 3
emission_box_extents = Vector3(30, 0.1, 0.5)
gravity = Vector3(0, 0, 0)
scale_min = 0.2

[sub_resource type="StandardMaterial3D" id="StandardMaterial3D_ic7dp"]
transparency = 1
albedo_color = Color(1, 1, 1, 0.427451)
albedo_texture = ExtResource("5_r84l6")

[sub_resource type="QuadMesh" id="QuadMesh_gatpe"]
material = SubResource("StandardMaterial3D_ic7dp")
orientation = 1

[sub_resource type="BoxShape3D" id="BoxShape3D_r84l6"]
size = Vector3(2, 4, 2)

[sub_resource type="StandardMaterial3D" id="StandardMaterial3D_gatpe"]
transparency = 1
albedo_color = Color(1, 1, 0.380392, 0.27451)

[sub_resource type="BoxMesh" id="BoxMesh_gqja0"]
material = SubResource("StandardMaterial3D_gatpe")
size = Vector3(2, 3, 2)

[sub_resource type="BoxShape3D" id="BoxShape3D_i1od3"]
size = Vector3(10, 4, 10)

[sub_resource type="BoxMesh" id="BoxMesh_gnpat"]
size = Vector3(10, 4, 10)

[sub_resource type="BoxShape3D" id="BoxShape3D_mqw0e"]
size = Vector3(200, 1, 200)

[sub_resource type="StandardMaterial3D" id="StandardMaterial3D_mqw0e"]
albedo_texture = ExtResource("1_66c2g")

[sub_resource type="PlaneMesh" id="PlaneMesh_rw6hm"]
material = SubResource("StandardMaterial3D_mqw0e")
size = Vector2(200, 200)

[sub_resource type="BoxShape3D" id="BoxShape3D_wujm3"]
size = Vector3(100, 5, 100)

[sub_resource type="BoxMesh" id="BoxMesh_qa2r2"]
size = Vector3(100, 5, 100)

[node name="Level01Default" type="Node3D"]

[node name="DirectionalLight3D" type="DirectionalLight3D" parent="."]
transform = Transform3D(0.707107, -0.5, 0.5, 0, 0.707107, 0.707107, -0.707107, -0.5, 0.5, 0, 30.1693, 0)
light_energy = 1.5
shadow_enabled = true

[node name="WorldEnvironment" type="WorldEnvironment" parent="."]
environment = SubResource("Environment_t1vjb")

[node name="LevelDesign" type="Node3D" parent="."]
transform = Transform3D(1, 0, 0, 0, 1, 0, 0, 0, 1, 0, 0, -9.80351)

[node name="CSGCombiner3D" type="CSGCombiner3D" parent="LevelDesign"]

[node name="CSGCylinderLeft" type="CSGCylinder3D" parent="LevelDesign/CSGCombiner3D"]
transform = Transform3D(1, 0, 0, 0, 1, 0, 0, 0, 1, -14.6191, -0.7, 8.805)
radius = 15.0
height = 1.0
sides = 16
material = SubResource("StandardMaterial3D_i1od3")

[node name="CSGCylinderRight" type="CSGCylinder3D" parent="LevelDesign/CSGCombiner3D"]
transform = Transform3D(1, 0, 0, 0, 1, 0, 0, 0, 1, -10.787, -0.7, -10.985)
radius = 16.0
height = 1.0
sides = 16
material = SubResource("StandardMaterial3D_uyy6t")

[node name="Hub" type="CSGCylinder3D" parent="LevelDesign/CSGCombiner3D"]
transform = Transform3D(1, 0, 0, 0, 1, 0, 0, 0, 1, -0.0540462, 0, 2.15292)
radius = 8.0
sides = 16
material = SubResource("StandardMaterial3D_gnpat")

[node name="CSGBox3D" type="CSGBox3D" parent="LevelDesign/CSGCombiner3D"]
transform = Transform3D(0.7159, 0, 0.698203, 0, 1, 0, -0.698203, 0, 0.7159, -20.497, -1.9, 20.435)
size = Vector3(15, 1, 20)

[node name="CSGPolygon3D" type="CSGPolygon3D" parent="LevelDesign/CSGCombiner3D"]
transform = Transform3D(0.999129, -0.0417187, 0, 0.0417187, 0.999129, 0, 0, 0, 1, -9.68772, -0.0792254, 4.28275)
polygon = PackedVector2Array(-1.69123, -0.0422139, 1.34256, 1.0209, 2.13621, 0.996002, 2.13365, -0.0960317)
depth = 3.0
material = SubResource("StandardMaterial3D_amqpa")

[node name="CSGCombiner3D2" type="CSGCombiner3D" parent="LevelDesign"]
use_collision = true

[node name="CSGBox3D" type="CSGBox3D" parent="LevelDesign/CSGCombiner3D2"]
transform = Transform3D(0.974433, 0.224679, 0, -0.224679, 0.974433, 0, 0, 0, 1, 9.49185, -0.0609496, 2.76285)
size = Vector3(5, 1, 5)
material = SubResource("StandardMaterial3D_rw6hm")

[node name="CSGBox3D6" type="CSGBox3D" parent="LevelDesign/CSGCombiner3D2"]
transform = Transform3D(0.103913, 0.0406274, 0.993756, -0.442638, 0.896648, 0.00962768, -0.890659, -0.440875, 0.111157, 13.9779, 0.527047, 6.69186)
size = Vector3(8, 1, 7)
material = SubResource("StandardMaterial3D_rw6hm")

[node name="CSGBox3D2" type="CSGBox3D" parent="LevelDesign/CSGCombiner3D2"]
transform = Transform3D(1, 0, 0, 0, 1, 0, 0, 0, 1, 13.9438, -0.626618, 2.64656)
size = Vector3(15, 1, 13)
material = SubResource("StandardMaterial3D_l22oy")

[node name="CSGBox3D3" type="CSGBox3D" parent="LevelDesign/CSGCombiner3D2"]
transform = Transform3D(0.864836, 0, 0.502054, 0, 1, 0, -0.502054, 0, 0.864836, 9.89644, -0.628151, -10.9698)
size = Vector3(10, 1, 18)
material = SubResource("StandardMaterial3D_wujm3")

[node name="CSGBox3D4" type="CSGBox3D" parent="LevelDesign/CSGCombiner3D2"]
transform = Transform3D(0.994273, 0, -0.106872, 0, 1, 0, 0.106872, 0, 0.994273, 15.3489, -0.628151, 19.1541)
size = Vector3(15, 1, 25)
material = SubResource("StandardMaterial3D_wujm3")

[node name="CSGBox3D5" type="CSGBox3D" parent="LevelDesign/CSGCombiner3D2"]
transform = Transform3D(0.994273, 0, -0.106872, 0, 1, 0, 0.106872, 0, 0.994273, 15.8612, 1.21204, 17.1125)
size = Vector3(20, 3, 15)
material = SubResource("StandardMaterial3D_wujm3")

[node name="CSGBox3D10" type="CSGBox3D" parent="LevelDesign/CSGCombiner3D2"]
transform = Transform3D(0.766616, 0, -0.642106, 0, 1, 0, 0.642106, 0, 0.766616, 4.27655, 1.21204, 34.0962)
size = Vector3(20, 3, 35)
material = SubResource("StandardMaterial3D_wujm3")

[node name="CSGBox3D11" type="CSGBox3D" parent="LevelDesign/CSGCombiner3D2"]
transform = Transform3D(-0.127723, 0, -0.99181, 0, 1, 0, 0.99181, 0, -0.127723, -22.3689, 1.21204, 49.0766)
size = Vector3(20, 3, 35)
material = SubResource("StandardMaterial3D_wujm3")

[node name="CSGBox3D17" type="CSGBox3D" parent="LevelDesign/CSGCombiner3D2"]
transform = Transform3D(-0.574163, 0, -0.818741, 0, 1, 0, 0.818741, 0, -0.574163, -41.86, 1.21204, 41.6168)
size = Vector3(10, 3, 20)
material = SubResource("StandardMaterial3D_wujm3")

[node name="CSGBox3D12" type="CSGBox3D" parent="LevelDesign/CSGCombiner3D2"]
transform = Transform3D(0.480162, 0, -0.87718, 0, 1, 0, 0.87718, 0, 0.480162, -7.6142, 5.75397, 33.8659)
size = Vector3(12, 3, 35)
material = SubResource("StandardMaterial3D_wujm3")

[node name="CSGBox3D18" type="CSGBox3D" parent="LevelDesign/CSGCombiner3D2"]
transform = Transform3D(0.0915531, 0, -0.9958, 0, 1, 0, 0.9958, 0, 0.0915531, -26.3288, 4.43732, 40.4245)
size = Vector3(3, 3, 20)
material = SubResource("StandardMaterial3D_wujm3")

[node name="CSGBox3D13" type="CSGBox3D" parent="LevelDesign/CSGCombiner3D2"]
transform = Transform3D(0.296491, 0, -0.955036, 0, 1, 0, 0.955036, 0, 0.296491, -20.8018, 7.27469, 33.8659)
size = Vector3(12, 4, 35)
material = SubResource("StandardMaterial3D_wujm3")

[node name="CSGBox3D14" type="CSGBox3D" parent="LevelDesign/CSGCombiner3D2"]
transform = Transform3D(0.296491, 0, -0.955036, 0, 1, 0, 0.955036, 0, 0.296491, -0.765526, 2.21109, 19.3069)
size = Vector3(10, 10, 20)
material = SubResource("StandardMaterial3D_wujm3")

[node name="CSGBox3D15" type="CSGBox3D" parent="LevelDesign/CSGCombiner3D2"]
transform = Transform3D(-0.371887, 0, -0.928278, 0, 1, 0, 0.928278, 0, -0.371887, -16.6629, 2.21109, 21.5497)
size = Vector3(5, 10, 20)
material = SubResource("StandardMaterial3D_wujm3")

[node name="CSGBox3D7" type="CSGBox3D" parent="LevelDesign/CSGCombiner3D2"]
transform = Transform3D(0.666936, 0, 0.745115, 0, 1, 0, -0.745115, 0, 0.666936, 4.05229, -0.637183, 41.6127)
size = Vector3(60, 1, 35)

[node name="CSGBox3D8" type="CSGBox3D" parent="LevelDesign/CSGCombiner3D2"]
transform = Transform3D(0.998719, 0, -0.0506103, 0, 1, 0, 0.0506103, 0, 0.998719, -39.4149, -0.637183, 56.8099)
size = Vector3(45, 1, 45)

[node name="CSGBox3D16" type="CSGBox3D" parent="LevelDesign/CSGCombiner3D2"]
transform = Transform3D(0.332474, 0, -0.943112, 0, 1, 0, 0.943112, 0, 0.332474, -32.4668, -0.637183, 40.4303)
size = Vector3(45, 1, 20)

[node name="CSGBox3D9" type="CSGBox3D" parent="LevelDesign/CSGCombiner3D2"]
transform = Transform3D(0.595244, 0, -0.803545, 0, 1, 0, 0.803545, 0, 0.595244, -10.6246, -0.637183, 56.8099)
size = Vector3(30, 1, 45)

[node name="CSGCylinder3D" type="CSGCylinder3D" parent="LevelDesign/CSGCombiner3D2"]
transform = Transform3D(1, 0, 0, 0, 1, 0, 0, 0, 1, 36.4741, -1.15838, 13.4211)
radius = 18.0

[node name="CSGCylinder3D2" type="CSGCylinder3D" parent="LevelDesign/CSGCombiner3D2"]
transform = Transform3D(1, 0, 0, 0, 1, 0, 0, 0, 1, 30.9299, -1.15838, -7.42183)
radius = 18.0

[node name="CSGPolygon3D2" type="CSGPolygon3D" parent="LevelDesign/CSGCombiner3D2"]
transform = Transform3D(-0.403146, 0.0168334, 0.914981, 0.0417187, 0.999129, 7.80689e-09, -0.914184, 0.0381718, -0.403497, -4.93054, 5.59932, 42.0701)
polygon = PackedVector2Array(-3.21834, -2.87396, 1.34256, 1.0209, 2.95221, 1.02835, 3.41369, -3.38051)
depth = 10.0
material = SubResource("StandardMaterial3D_amqpa")

[node name="CSGPolygon3D3" type="CSGPolygon3D" parent="LevelDesign/CSGCombiner3D2"]
transform = Transform3D(-0.953855, 0.00561416, -0.300214, 0.0091171, 0.999905, -0.0102686, 0.300128, -0.0125319, -0.953817, 8.51225, 5.68267, 10.9728)
polygon = PackedVector2Array(-5.75952, -4.00278, 1.34256, 1.0209, 2.95221, 1.02835, 3.41369, -3.38051)
depth = 10.0
material = SubResource("StandardMaterial3D_amqpa")

[node name="CSGPolygon3D4" type="CSGPolygon3D" parent="LevelDesign/CSGCombiner3D2"]
transform = Transform3D(-0.953855, 0.00561416, -0.300214, 0.0091171, 0.999905, -0.0102686, 0.300128, -0.0125319, -0.953817, -2.94435, 8.12394, 22.6451)
polygon = PackedVector2Array(-5.75952, -4.00278, 1.34256, 1.0209, 2.95221, 1.02835, 3.41369, -3.38051)
depth = 10.0
material = SubResource("StandardMaterial3D_amqpa")

[node name="GroundCollision" type="StaticBody3D" parent="LevelDesign"]

[node name="CollisionShapeLeftBeach" type="CollisionShape3D" parent="LevelDesign/GroundCollision"]
transform = Transform3D(1, 0, 0, 0, 1, 0, 0, 0, 1, -14.6191, -0.7, 8.805)
shape = SubResource("CylinderShape3D_f462bb996f65")

[node name="CollisionShapeRightBeach" type="CollisionShape3D" parent="LevelDesign/GroundCollision"]
transform = Transform3D(1, 0, 0, 0, 1, 0, 0, 0, 1, -10.787, -0.7, -10.985)
shape = SubResource("CylinderShape3D_f462bb996f65")

[node name="CollisionShapeHub" type="CollisionShape3D" parent="LevelDesign/GroundCollision"]
transform = Transform3D(1, 0, 0, 0, 1, 0, 0, 0, 1, -0.0538245, 0, 2.153)
shape = SubResource("CylinderShape3D_cf4c6525e0d9")

[node name="CollisionShape3D4" type="CollisionShape3D" parent="LevelDesign/GroundCollision"]
transform = Transform3D(0.7159, 0, 0.698203, 0, 1, 0, -0.698203, 0, 0.7159, -20.497, -1.9, 20.435)
shape = SubResource("BoxShape3D_76b23cc97af8")

[node name="CollisionShapePolygon" type="CollisionShape3D" parent="LevelDesign/GroundCollision"]
transform = Transform3D(0.999129, -0.0417187, 0, 0.0417187, 0.999129, 0, 0, 0, 1, -9.68638, -0.0791695, 1.26821)
shape = SubResource("ConvexPolygonShape3D_mqw0e")

[node name="Markers" type="Node3D" parent="."]
transform = Transform3D(1, 0, 0, 0, 1, 0, 0, 0, 1, 0, -0.5, 0)

[node name="PlayerSpawnMarkers" type="Node3D" parent="Markers"]
transform = Transform3D(1, 0, 0, 0, 1, 0, 0, 0, 1, 0, 0.986929, 0)

[node name="Marker3D" type="Marker3D" parent="Markers/PlayerSpawnMarkers"]
transform = Transform3D(0.966483, 0, -0.256728, 0, 1, 0, 0.256728, 0, 0.966483, 1.363, 1, -4.52713)
script = ExtResource("player_sp_script")
player_scene = ExtResource("player_scene")

[node name="Marker3D2" type="Marker3D" parent="Markers/PlayerSpawnMarkers"]
transform = Transform3D(0.996573, 0, -0.0827209, 0, 1, 0, 0.0827209, 0, 0.996573, -1.38465, 1, -5)
script = ExtResource("player_sp_script")
player_scene = ExtResource("player_scene")

[node name="TentSpawnMarkers" type="Node3D" parent="Markers"]
transform = Transform3D(1, 0, 0, 0, 1, 0, 0, 0, 1, 0, 1.1738, 0)
visible = false

[node name="Marker3D" type="Marker3D" parent="Markers/TentSpawnMarkers"]
transform = Transform3D(0.545912, 0, -0.837842, 0, 1, 0, 0.837842, 0, 0.545912, 4.1749, 0, -7.91581)
script = ExtResource("tent_sp_script")
tent_scene = ExtResource("tent_scene")

[node name="Marker3D2" type="Marker3D" parent="Markers/TentSpawnMarkers"]
transform = Transform3D(1, 0, 0, 0, 1, 0, 0, 0, 1, -1.32249, 0, -11.1427)
script = ExtResource("tent_sp_script")
tent_scene = ExtResource("tent_scene")

[node name="HouseEnterMarkers" type="Node3D" parent="Markers"]
transform = Transform3D(1, 0, 0, 0, 1, 0, 0, 0, 1, 0, 1.1738, 0)

[node name="Marker3D" type="Marker3D" parent="Markers/HouseEnterMarkers"]
transform = Transform3D(0.545912, 0, -0.837842, 0, 1, 0, 0.837842, 0, 0.545912, 1.52498, 0, -7.26886)

[node name="Marker3D2" type="Marker3D" parent="Markers/HouseEnterMarkers"]
transform = Transform3D(1, 0, 0, 0, 1, 0, 0, 0, 1, -1.32249, 0, -8.78812)

[node name="HouseSpawnMarkers" type="Node3D" parent="Markers"]

[node name="Marker3D" type="Marker3D" parent="Markers/HouseSpawnMarkers"]
transform = Transform3D(1, 0, 0, 0, 1, 0, 0, 0, 1, 0, -17.771, 0)
script = ExtResource("7_mqw0e")
house_scene = ExtResource("8_rw6hm")

[node name="Marker3D2" type="Marker3D" parent="Markers/HouseSpawnMarkers"]
transform = Transform3D(1, 0, 0, 0, 1, 0, 0, 0, 1, 0, -38.2458, 0)
script = ExtResource("7_mqw0e")
house_scene = ExtResource("8_rw6hm")

[node name="Ocean" type="Node3D" parent="."]

[node name="MeshInstance3D" type="MeshInstance3D" parent="Ocean"]
transform = Transform3D(1, 0, 0, 0, 1, 0, 0, 0, 1, 0, -0.4, 0)
mesh = SubResource("PlaneMesh_5p50t")

[node name="foamGPU" type="GPUParticles3D" parent="."]
transform = Transform3D(1, 0, 0, 0, 1, 0, 0, 0, 1, 0, -0.580998, -42.5382)
visible = false
amount = 20
process_material = SubResource("ParticleProcessMaterial_5p50t")
draw_pass_1 = SubResource("QuadMesh_gatpe")

[node name="AutospawnAreas" type="Node3D" parent="."]

[node name="Area3D" type="Area3D" parent="AutospawnAreas"]
transform = Transform3D(1, 0, 0, 0, 1, 0, 0, 0, 1, -15.7386, 2.04143, 3.74067)
script = ExtResource("6_ic7dp")
spawn_profile = ExtResource("7_gqja0")
treasure_profile = ExtResource("8_uyy6t")
max_items = 10
max_treasures = 2

[node name="CollisionShape3D" type="CollisionShape3D" parent="AutospawnAreas/Area3D"]
shape = SubResource("BoxShape3D_r84l6")

[node name="MeshInstance3D" type="MeshInstance3D" parent="AutospawnAreas/Area3D"]
visible = false
mesh = SubResource("BoxMesh_gqja0")

[node name="ToolsArea" type="Area3D" parent="AutospawnAreas"]
transform = Transform3D(1, 0, 0, 0, 1, 0, 0, 0, 1, 2.49174, 0.636461, -12.0767)
script = ExtResource("6_ic7dp")
spawn_profile = ExtResource("12_gnpat")
treasure_profile = ExtResource("8_uyy6t")
max_items = 2
max_treasures = 0

[node name="CollisionShape3D" type="CollisionShape3D" parent="AutospawnAreas/ToolsArea"]
shape = SubResource("BoxShape3D_r84l6")

[node name="MeshInstance3D" type="MeshInstance3D" parent="AutospawnAreas/ToolsArea"]
mesh = SubResource("BoxMesh_gqja0")

[node name="Area3D2" type="Area3D" parent="AutospawnAreas"]
transform = Transform3D(1, 0, 0, 0, 1, 0, 0, 0, 1, -12.6221, 0.428391, -24.1662)
script = ExtResource("6_ic7dp")
spawn_profile = ExtResource("7_gqja0")
treasure_profile = ExtResource("8_uyy6t")
max_items = 6
max_treasures = 2

[node name="CollisionShape3D" type="CollisionShape3D" parent="AutospawnAreas/Area3D2"]
shape = SubResource("BoxShape3D_i1od3")

[node name="MeshInstance3D" type="MeshInstance3D" parent="AutospawnAreas/Area3D2"]
visible = false
mesh = SubResource("BoxMesh_gnpat")

[node name="OceanBottom" type="StaticBody3D" parent="."]
transform = Transform3D(1, 0, 0, 0, 1, 0, 0, 0, 1, 0, -2, 0)

[node name="CollisionShape3D" type="CollisionShape3D" parent="OceanBottom"]
transform = Transform3D(1, 0, 0, 0, 1, 0, 0, 0, 1, 0, -0.3, 0)
shape = SubResource("BoxShape3D_mqw0e")

[node name="OceanBottomMesh" type="MeshInstance3D" parent="OceanBottom"]
transform = Transform3D(1, 0, 0, 0, 1, 0, 0, 0, 1, 0, 0.1, 0)
mesh = SubResource("PlaneMesh_rw6hm")
skeleton = NodePath("../..")

[node name="WaterArea" type="Area3D" parent="."]
transform = Transform3D(1, 0, 0, 0, 1, 0, 0, 0, 1, 0, -2.9137, -16.5164)
script = ExtResource("16_l22oy")

[node name="CollisionShape3D" type="CollisionShape3D" parent="WaterArea"]
shape = SubResource("BoxShape3D_wujm3")

[node name="MeshInstance3D" type="MeshInstance3D" parent="WaterArea"]
visible = false
mesh = SubResource("BoxMesh_qa2r2")
